// Straight
9 3 995 2 2
9 5 997 2 2

// (< 45°) right turn => +-10
8 5 790 534 15
8 5 853 214 15

// Straight readings
3 9 995 2 2

// (45°-90°) left turn => -+ 25
40 970 460 5 3
15 480 620 2 1

// Straight readings
5 9 997 7 2

// (90°-135°) left turn => -+ 35
980 612 974 1 3
48 970 460 823 34
12 24 971 12 2

// Straight readings
9 3 995 2 2

// (135°-180°) right turn => +- 50
3 1 430 995 990
2 1 110 990 980
1 3 8 900 975

// out of arena
2 1 2 1 2
1 1 1 1 1
1 1 1 1 1

// Straight accelaration
9 11 997 5 2
1 3 995 7 4
9 11 997 5 2
1 3 995 7 4
9 11 997 5 2
1 3 995 7 4

// stop
1000 986 1000 989 969