9 3 991 2 3
11 3 993 2 3
11 3 994 0 2
11 3 994 2 2
9 3 994 2 2
9 3 994 2 2
9 3 994 2 2
9 3 995 2 2
9 5 997 2 2
9 5 994 2 2
9 5 995 2 2
8 5 994 2 2
8 5 994 2 2
9 5 990 2 2
9 5 994 2 2
11 5 994 0 2
9 5 994 2 2
9 5 995 2 2
9 5 995 2 2
11 5 995 2 2
11 5 995 2 2
11 5 994 2 2
11 5 994 2 2
11 5 995 2 2
9 5 994 2 2
11 6 994 2 2
14 260 982 2 2
14 153 988 2 3
12 296 981 2 2
12 283 981 2 2
12 538 972 2 0
14 859 951 2 2
17 992 964 2 2
17 996 966 2 2
17 998 925 2 0
17 998 752 2 2
17 998 610 2 2
17 998 354 2 2
18 995 104 0 2
18 996 26 0 2
15 995 2 2 0
11 992 2 0 0
165 986 3 0 2
926 736 2 0 0
983 332 2 0 2
983 0 2 0 2
978 0 0 0 2
977 0 0 0 2
946 0 0 0 2
954 0 0 0 0
960 0 0 0 2
962 0 0 0 2
946 0 0 0 2
824 0 0 0 2
928 2 2 0 0
981 2 0 0 2
986 3 2 0 0
894 645 2 0 2
29 987 2 0 2
18 990 2 0 2
14 982 2 0 2
14 873 959 2 2
11 510 973 2 2
11 46 973 0 2
11 2 973 17 2
11 3 972 371 2
11 3 971 784 3
11 3 959 938 3
9 2 627 963 3
8 0 29 955 723
8 2 3 956 929
8 0 3 990 950
8 2 3 1000 959
8 0 228 973 3
8 2 857 932 3
11 3 981 13 2
11 9 980 2 2
17 910 923 2 2
17 998 490 2 2
18 1000 13 0 2
15 991 4 2 2
17 992 3 2 0
15 990 2 0 0
975 464 2 0 2
983 0 2 0 2
980 0 0 0 2
922 0 2 0 2
779 0 0 0 2
767 0 0 0 2
853 0 0 0 2
978 2 2 0 2
977 2 2 0 0
977 2 2 0 2
981 3 2 2 0
983 18 0 0 0
977 498 2 2 2
17 992 2 0 2
20 990 597 2 2
11 3 982 0 2
9 0 3 978 2
11 0 3 938 921
8 0 3 937 922
9 0 2 404 971
9 0 2 52 967
9 0 2 17 963
9 0 2 6 959
8 0 2 8 959
8 0 2 723 969
8 0 4 968 782
8 2 217 964 2
9 3 973 859 3
9 3 973 0 2
12 753 971 2 2
15 990 769 2 2
14 980 0 0 2
140 979 3 0 2
787 841 2 0 2
977 0 0 0 2
9 0 0 0 2
9 0 0 0 2
11 0 0 0 2
8 0 0 0 2
8 0 0 0 2
5 0 2 0 2
9 0 0 0 2
274 0 0 0 2
931 0 0 0 2
972 2 0 0 2
977 2 2 0 2
981 2 2 0 2
977 2 2 0 0
987 2 2 0 2
974 455 2 0 2
571 951 3 0 2
15 983 3 0 2
18 990 0 2 2
17 991 41 2 2
17 992 334 2 2
17 990 665 2 2
17 959 866 2 2
14 446 976 2 2
11 3 976 0 2
11 2 925 751 3
11 0 3 968 2
11 0 3 973 670
9 0 2 385 977
11 0 2 391 985
11 0 2 19 981
11 0 2 3 974
11 0 2 2 956
11 0 2 2 193
8 0 2 3 961
6 0 2 4 968
8 0 2 625 973
6 0 3 980 956
8 0 4 976 586
8 0 33 969 2
11 2 805 951 3
11 3 979 939 3
11 3 980 119 0
9 41 982 0 2
9 555 981 2 2
14 986 940 2 0
15 992 524 2 2
103 984 3 0 2
980 380 2 0 2
978 2 0 0 2
883 0 0 0 0
8 0 0 0 0
8 0 0 0 2
5 0 0 0 2
6 0 2 0 0
6 0 0 0 2
9 0 0 0 2
8 0 0 0 0
8 0 2 0 2
347 0 0 0 2
972 2 0 0 2
981 27 2 2 2
61 987 3 2 2
20 983 12 2 2
18 978 944 2 3
11 11 980 2 2
9 2 810 908 3
9 0 3 975 340
9 0 2 3 969
9 0 0 2 3
8 0 0 2 6
6 0 2 21 960
8 2 356 969 0
9 296 982 0 2
330 975 2 0 2
974 0 0 0 0
787 2 0 0 0
5 0 0 0 0
3 0 0 0 2
8 0 0 0 2
5 0 0 2 3
0 0 0 0 2

