991     997     9       998     997
989     997     7       998     997
989     997     6       1000    998
989     997     6       998     998
991     997     6       998     998
991     997     6       998     998
991     997     6       998     998
991     997     5       998     998
991     995     3       998     998
991     995     6       998     998
991     995     5       998     998
992     995     6       998     998
992     995     6       998     998
991     995     10      998     998
991     995     6       998     998
989     995     6       1000    998
991     995     6       998     998
991     995     5       998     998
991     995     5       998     998
989     995     5       998     998
989     995     5       998     998
989     995     6       998     998
989     995     6       998     998
989     995     5       998     998
991     995     6       998     998
989     994     6       998     998
986     740     18      998     998
986     847     12      998     997
988     704     19      998     998
988     717     19      998     998
988     462     28      998     1000
986     141     49      998     998
983     8       36      998     998
983     4       34      998     998
983     2       75      998     1000
983     2       248     998     998
983     2       390     998     998
983     2       646     998     998
982     5       896     1000    998
982     4       974     1000    998
985     5       998     998     1000
989     8       998     1000    1000
835     14      997     1000    998
74      264     998     1000    1000
17      668     998     1000    998
17      1000    998     1000    998
22      1000    1000    1000    998
23      1000    1000    1000    998
54      1000    1000    1000    998
46      1000    1000    1000    1000
40      1000    1000    1000    998
38      1000    1000    1000    998
54      1000    1000    1000    998
176     1000    1000    1000    998
72      998     998     1000    1000
19      998     1000    1000    998
14      997     998     1000    1000
106     355     998     1000    998
971     13      998     1000    998
982     10      998     1000    998
986     18      998     1000    998
986     127     41      998     998
989     490     27      998     998
989     954     27      1000    998
989     998     27      983     998
989     997     28      629     998
989     997     29      216     997
989     997     41      62      997
991     998     373     37      997
992     1000    971     45      277
992     998     997     44      71
992     1000    997     10      50
992     998     997     0       41
992     1000    772     27      997
992     998     143     68      997
989     997     19      987     998
989     991     20      998     998
983     90      77      998     998
983     2       510     998     998
982     0       987     1000    998
985     9       996     998     998
983     8       997     998     1000
985     10      998     1000    1000
25      536     998     1000    998
17      1000    998     1000    998
20      1000    1000    1000    998
78      1000    998     1000    998
221     1000    1000    1000    998
233     1000    1000    1000    998
147     1000    1000    1000    998
22      998     998     1000    998
23      998     998     1000    1000
23      998     998     1000    998
19      997     998     998     1000
17      982     1000    1000    1000
23      502     998     998     998
983     8       998     1000    998
980     10      403     998     998
989     997     18      1000    998
991     1000    997     22      998
989     1000    997     62      79
992     1000    997     63      78
991     1000    998     596     29
991     1000    998     948     33
991     1000    998     983     37
991     1000    998     994     41
992     1000    998     992     41
992     1000    998     277     31
992     1000    996     32      218
992     998     783     36      998
991     997     27      141     997
991     997     27      1000    998
988     247     29      998     998
985     10      231     998     998
986     20      1000    1000    998
860     21      997     1000    998
213     159     998     1000    998
23      1000    1000    1000    998
1000    1000    1000    1000    1000
991     1000    1000    1000    998
991     1000    1000    1000    998
989     1000    1000    1000    998
992     1000    1000    1000    998
992     1000    1000    1000    998
995     1000    998     1000    998
991     1000    1000    1000    998
726     1000    1000    1000    998
69      1000    1000    1000    998
28      998     1000    1000    998
23      998     998     1000    998
19      998     998     1000    998
23      998     998     1000    1000
13      998     998     1000    998
26      545     998     1000    998
429     49      997     1000    998
985     17      997     1000    998
982     10      1000    998     998
983     9       959     998     998
983     8       666     998     998
983     10      335     998     998
983     41      134     998     998
986     554     24      998     998
989     997     24      1000    998
989     998     75      249     997
989     1000    997     32      998
989     1000    997     27      330
991     1000    998     615     23
989     1000    998     609     15
989     1000    998     981     19
989     1000    998     997     26
989     1000    998     998     44
989     1000    998     998     807
992     1000    998     997     39
994     1000    998     996     32
992     1000    998     375     27
994     1000    997     20      44
992     1000    996     24      414
992     1000    967     31      998
989     998     195     49      997
989     997     21      61      997
989     997     20      881     1000
991     959     18      1000    998
991     445     19      998     998
986     14      60      998     1000
985     8       476     998     998
897     16      997     1000    998
20      620     998     1000    998
22      998     1000    1000    998
117     1000    1000    1000    1000
1000    1000    1000    1000    1000
992     1000    1000    1000    1000
992     1000    1000    1000    998
995     1000    1000    1000    998
994     1000    998     1000    1000
994     1000    1000    1000    998
991     1000    1000    1000    998
992     1000    1000    1000    1000
992     1000    998     1000    998
653     1000    1000    1000    998
28      998     1000    1000    998
19      973     998     998     998
939     13      997     998     998
980     17      988     998     998
982     22      56      998     997
989     989     20      998     998
991     998     190     92      997
991     1000    997     25      660
991     1000    998     997     31
991     1000    1000    998     997
992     1000    1000    998     994
994     1000    998     979     40
992     998     644     31      1000
991     704     18      1000    998
670     25      998     1000    998
26      1000    1000    1000    1000
213     998     1000    1000    1000
995     1000    1000    1000    1000
997     1000    1000    1000    998
992     1000    1000    1000    998
1000    1000    1000    1000    1000
1000    1000    1000    1000    1000
1000    1000    1000    1000    1000
1000    1000    1000    1000    1000
1000    1000    1000    1000    1000
1000    1000    1000    1000    1000
995     1000    1000    998     997
1000    1000    1000    1000    998
1000    1000    1000    1000    1000
1000    1000    1000    1000    1000
1000    1000    1000    1000    1000
1000    1000    1000    1000    1000
1000    1000    1000    1000    1000
1000    1000    1000    1000    1000